"Source","Target"
"A Moving Image","https://www.rottentomatoes.com/m/gritt"
"A Moving Image","https://www.rottentomatoes.com/m/skate_kitchen"
"A Moving Image","https://www.rottentomatoes.com/m/puzzle_2018"
"A Moving Image","https://www.rottentomatoes.com/m/madelines_madeline"
"A Moving Image","https://www.rottentomatoes.com/m/a_woman_a_part"
