"Source","Target"
"Collateral Beauty","https://www.rottentomatoes.com/m/the_shack"
"Collateral Beauty","https://www.rottentomatoes.com/m/lady_in_the_water"
"Collateral Beauty","https://www.rottentomatoes.com/m/one_fall"
"Collateral Beauty","https://www.rottentomatoes.com/m/ondine"
"Collateral Beauty","https://www.rottentomatoes.com/m/tempest"
