"Source","Target"
"I Am Love","https://www.rottentomatoes.com/m/love_in_the_time_of_cholera"
"I Am Love","https://www.rottentomatoes.com/m/cheri"
"I Am Love","https://www.rottentomatoes.com/m/5x2"
"I Am Love","https://www.rottentomatoes.com/m/feast_of_love"
"I Am Love","https://www.rottentomatoes.com/m/the_main_thing_is_to_love"
