"Source","Target"
"In America","https://www.rottentomatoes.com/m/1046045-king_of_the_hill"
"In America","https://www.rottentomatoes.com/m/off-the-map"
"In America","https://www.rottentomatoes.com/m/pursuit_of_happyness"
"In America","https://www.rottentomatoes.com/m/circle_of_friends"
"In America","https://www.rottentomatoes.com/m/deep_end_of_the_ocean"
