"Title","Name","Role"
"The Family Plan","Simon Cellan Jones","Director"
"The Family Plan","Mark Wahlberg","Dan Morgan"
"The Family Plan","Michelle Monaghan","Actor"
"The Family Plan","Zoe Margaret Colletti","Actor"
"The Family Plan","Van Crosby","Actor"
"The Family Plan","Said Taghmaoui","Actor"
