"Title","Name","Role"
"Wakefield","Robin Swicord","Director"
"Wakefield","Bryan Cranston","Howard Wakefield"
"Wakefield","Jennifer Garner","Diana Wakefield"
"Wakefield","Jason O'Mara","Dirk Morrison"
"Wakefield","Beverly D'Angelo","Babs"
"Wakefield","Ian Anthony Dale","Ben Jacobs"
