"Title","Name","Role"
"Woo","Daisy von Scherler Mayer","Director"
"Woo","Jada Pinkett Smith","Woo"
"Woo","Tommy Davidson","Tim"
"Woo","Duane Martin","Frankie"
"Woo","Michael Ralph","Romaine"
"Woo","Darrel Heath","Hop"
